316
870
107
115
863
265
025
916
498
034
288
076
457
170
161
893
961
155
276
331
181
759
003
728
957
711
831
270
613
368
249
557
466
626
152
129
366
082
528
260
036
660
592
424
597
188
016
134
678
768
791
829
765
295
969
007
590
560
746
881
009
731
118
052
320
125
243
796
392
433
522
354
996
857
297
902
745
030
770
698
982
507
257
364
513
909
172
059
689
017
334
454
425
282
938
694
892
764
918
582
750
250
553
913
289
937
840
286
779
548
756
106
785
271
274
479
899
164
128
101
427
020
514
292
537
499
061
954
104
667
647
144
184
464
564
700
550
611
259
230
898
175
753
654
827
146
848
646
404
950
554
394
363
645
515
480
035
696
986
860
441
469
632
819
530
352
703
910
517
223
879
332
935
086
041
470
541
194
414
901
815
572
319
099
321
800
855
581
299
178
001
180
864
021
543
709
291
627
621
534
669
556
565
875
015
790
988
502
047
324
874
880
774
812
699
615
821
476
029
153
766
810
120
955
124
159
379
245
154
598
397
429
229
162
843
512
199
882
323
740
833
674
583
413
978
987
440
586
322
389
806
720
872
186
968
027
991
710
208
225
024
039
570
999
054
934
042
098
641
945
369
773
672
391
233
336
410
093
767
792
976
073
254
924
501
226
111
673
139
044
045
730
648
775
798
313
656
884
422
268
787
102
972
032
011
050
378
574
529
310
121
071
217
057
552
491
519
077
089
567
367
609
000
793
841
505
145
234
974
176
845
485
240
808
281
772
411
019
724
224
455
417
185
943
904
952
563
544
241
688
005
944
294
681
383
702
966
825
432
148
599
741
301
434
655
022
630
278
346
435
040
023
387
204
526
891
167
189
742
490
558
399
500
531
628
929
205
680
070
453
652
409
607
877
290
190
965
683
811
374
650
195
232
285
200
836
133
783
869
842
551
482
051
201
735
140
642
717
713
344
135
360
018
546
927
445
266
395
398
578
238
508
828
193
659
497
824
625
797
693
802
542
758
006
494
171
349
401
287
744
062
605
380
801
138
549
269
897
096
066
384
538
832
732
203
136
359
376
619
896
989
420
489
487
280
443
795
990
914
844
971
807
353
296
573
222
150
053
606
220
158
663
403
822
665
342
749
262
547
423
704
049
085
738
726
317
685
931
994
545
056
525
639
388
858
415
595
214
459
385
179
008
064
393
046
604
851
985
803
002
977
293
705
038
467
992
329
953
100
074
850
196
763
809
318
216
620
721
636
496
846
083
600
580
493
794
326
577
014
532
743
817
092
589
865
452
372
518
671
043
113
013
337
202
536
509
995
610
339
847
695
584
661
382
555
421
474
300
461
478
747
932
777
640
488
004
921
221
450
691
506
633
769
448
137
247
373
075
350
657
091
377
617
757
723
302
122
348
854
371
408
251
095
997
941
939
922
690
362
439
312
727
963
653
126
859
264
088
651
677
778
191
358
143
739
540
261
887
719
333
370
781
970
375
920
192
407
253
911
460
227
587
926
980
255
426
279
305
979
338
483
736
430
782
826
715
936
616
733
804
634
343
906
612
649
734
235
624
080
069
579
643
919
402
905
078
174
473
983
981
614
141
244
818
788
623
248
947
805
477
729
447
169
207
272
123